7541
3904
3879
1072
8600
2419
385
5358
8347
2319
1566
376
8328
8480
7858
6543
9858
4361
194
2966
7056
459
9282
5356
2430
4547
9351
3162
1428
2872
3803
5321
3128
7682
6393
1728
6454
3130
3439
4801
5449
1357
5177
130
9837
9387
3025
6047
3748
3219
9013
805
3678
8295
2513
6109
9194
1865
9271
6975
4737
3075
2296
4217
7109
8690
5945
3563
8172
9384
4716
9974
741
6246
104
6930
5633
3129
2977
5734
2700
1991
6539
6379
6638
9052
8840
2185
7269
8111
9160
8358
7538
1456
2575
1000
6498
4873
4563
1023
4257
5632
997
1351
1878
1101
4633
7511
582
3963
3245
3282
2306
6136
9661
8944
1541
8501
7481
5162
2965
6641
3521
6855
4450
2448
7855
7300
7321
8771
8323
7931
4403
9320
9282
6281
6773
267
144
7355
4230
9742
638
6536
2230
6651
1833
3771
1505
9314
5286
822
5956
8807
7677
6758
1255
1885
4058
8577
656
2382
2860
1411
8054
2142
4044
4828
2409
540
2183
2992
282
9173
9528
8865
2177
1361
8988
34
676
4274
856
2984
3081
4885
9742
689
3122
3800
5618
3778
2534
8478
1541
589
6972
5585
5417
5733
6126
3952
8725
2760
9478
8254
1625
1655
5967
614
1689
6643
4888
8897
9627
4322
3782
5721
5011
3257
9522
6981
7035
2056
5459
4929
8997
2431
514
4414
4516
2992
4719
3242
5753
4197
7848
7378
5852
3815
4344
3893
6811
9233
2790
2790
9907
2924
8512
1270
6181
4386
8251
9569
2794
62
4498
1792
8845
1364
2558
3361
4357
7277
6603
110
7826
803
3840
30
971
8185
3923
7782
3770
3065
572
29
5990
5436
1299
8523
6174
5902
4444
8969
5964
8942
7113
4809
6659
9671
8170
1016
3301
1126
7478
7479
1929
7670
7510
2900
2207
1433
7034
2329
851
3959
2358
3193
9395
9
1716
5570
5911
6161
891
1875
1455
8004
6684
4466
7675
1207
1834
7328
2333
5664
4808
614
3335
2318
3515
5542
103
549
4224
954
860
6582
499
256
2944
2216
2178
8855
4729
3069
7083
2536
1073
119
3355
5100
1326
5189
8781
11
854
9941
626
4189
8611
493
6083
8714
7394
6659
6021
8255
3242
6520
4863
2538
5088
7041
1393
6169
6462
4828
5058
7535
4948
8413
8987
2626
3602
4120
2638
808
4061
9616
1349
2672
6461
3785
7739
207
444
3760
8462
38
6632
9677
2576
8073
6718
3970
4242
9532
5150
5652
3419
98
4065
2407
9077
4020
6527
1715
4828
589
7683
2530
3261
496
6315
7352
703
6759
1112
9166
6798
4097
5195
9374
2170
1914
9696
2764
1446
4847
4769
1218
1297
8834
3625
374
9206
6504
8441
387
3445
6124
2917
3059
2972
5584
411
3676
2343
7876
9194
5493
1973
4389
4868
495
2655
916
9611
454
5763
4380
1672
3413
9567
5297
3787
5125
8153
2229
5512
1599
4705
4781
4658
7678
365
1421
1354
9061
9297
6900
4554
1270
1289
5774
8117
3945
6691
7729
751
8806
8461
2423
2219
8028
4072
2359
3154
2225
4588
5018
176
9293
9800
1186
3323
6517
2608
1029
5578
1905
7929
6485
9528
9219
8611
3997
9516
5302
1726
267
461
6540
2690
9032
920
6762
1391
426
5339
2331
5445
1868
1625
1597
3054
1300
4466
5662
2330
6397
3920
259
2882
9800
5830
1493
3797
5346
3148
1876
1965
9961
8416
4655
8993
9336
7769
6737
6115
9461
9068
7912
1329
7045
9509
4383
8346
327
6398
676
6724
318
7287
9606
6470
3118
7452
267
8464
6952
2143
430
6913
6911
1437
2258
6248
5559
8995
8715
5020
8064
6627
2701
5109
2488
7084
9807
2815
9834
6835
9540
6504
4123
5498
2974
7241
9302
3242
2057
6254
1737
8839
9519
8649
6629
1778
1249
2188
773
9964
3560
5189
6591
6261
6651
9079
9697
6458
8246
9532
3294
4138
2388
7417
9637
5363
1010
5291
4957
3067
7898
6694
8259
7417
1695
4888
9195
2944
7076
9969
2908
636
1510
5851
3249
8161
1282
2946
972
9529
8830
4266
3667
7571
8035
9656
9286
5397
4948
4243
4816
9198
7289
3075
6615
8985
7963
5811
1929
1391
2132
1190
2027
3642
7041
1628
1804
8324
927
2776
4205
6109
3394
7872
3680
7781
3881
2966
3178
5181
3561
7994
4379
7203
7422
994
6188
5385
6805
4469
6777
8937
2011
5156
8932
5405
3137
736
81
4064
9864
4286
173
9610
8510
206
3743
2391
9524
6921
3924
9438
1267
4655
6641
5041
5650
9181
427
8807
2
3556
4097
2014
5064
3029
7419
8201
117
7500
2265
6333
8138
8791
5943
6648
5349
9686
5392
4873
2959
5668
4311
578
324
7304
5620
2326
6485
2399
1133
6488
5955
1582
4854
1019
963
8625
5573
1080
2477
4190
3765
615
2981
6060
3615
4682
5746
5359
5908
5057
1028
6571
1988
7704
3876
7608
30
361
7
1163
3201
2314
9098
4407
9685
61
3032
5258
7494
5509
9449
1259
2476
8782
7320
6092
3465
9418
7803
9373
4476
8831
2296
6464
6535
6172
424
6565
2886
6783
4081
2439
9097
3179
6847
8782
9592
9879
393
7086
1741
9842
8346
4217
8624
5666
6661
8441
5084
4465
4166
5912
9648
6463
2376
2536
2635
9152
5453
1873
5935
9534
4313
5032
9065
7512
167
8658
7391
560
2096
9132
402
442
9702
5378
6108
6363
3820
7545
828
7986
3457
6829
801
2186
9365
9789
1338
4818
1662
7274
705
2327
8658
6122
9839
5177
1132
3583
5737
3229
9067
2491
3671
8769
4222
6132
5133
8042
29
2313
2380
3486
5494
3182
2024
4859
2971
9715
9678
985
3341
6735
9665
1999
2857
9504
7177
3990
9439
9266
3571
8507
8110
7242
7276
2332
9726
8761
6726
9755
7427
9106
9594
2921
8640
1618
7781
7963
1333
3811
5301
4674
546
4966
3026
9755
822
6555
97
262
2173
3668
8769
283
911
6045
8967
6989
1159
5693
6745
8586
4800
6339
1507
9792
4309
5640
7756
1995
5803
