1871.900178
1697.001393
7339.178923
8396.489144
8997.735818
218.485468
403.420394
8623.556666
44.979588
4670.275727
1013.381379
181.866675
7394.302784
5631.169321
8324.340320
2805.978215
2971.889294
9168.818076
5825.234515
7792.054856
537.645947
4997.053614
6037.319208
5894.172679
6992.691647
9951.694449
4015.981380
6957.974260
5178.318566
2857.127466
7605.808879
7050.218744
4554.128859
4944.987798
5446.707884
3551.864677
5163.473266
5850.128278
2175.421339
5208.452854
520.404000
3188.802722
5390.319533
7914.706784
8819.972043
3714.659849
720.684994
1791.861333
2883.477920
6545.919509
9583.916189
3421.123872
1542.973119
5621.235392
9315.296551
8535.664765
5572.929841
3331.277926
5493.639021
751.248403
6188.405397
3099.447895
7801.467147
742.534250
8044.435693
3248.175026
4294.398927
3207.908954
9098.303304
6469.820271
8416.361813
9618.707304
9658.622993
3806.681341
7533.414083
8478.595032
7521.341190
8254.099078
270.456360
404.819111
4800.018582
9854.372549
3825.942983
6342.991701
5475.607936
3141.239529
4878.656466
1048.537773
6472.517460
372.295482
1799.786176
2660.922852
3471.743382
9601.253322
3403.457102
1516.179071
2849.428343
7697.856034
4724.088029
1947.731642
4167.676300
3140.449837
1566.438941
3826.299288
6947.131179
9099.853024
2304.894315
4468.472365
7353.952097
2575.350675
4873.291475
2153.970675
2429.723219
8699.234458
8496.962380
7905.331155
1840.473987
3375.618841
8953.868933
8312.991447
3747.914323
753.655103
973.914294
7219.657706
354.908426
4377.371396
8735.836781
3204.336769
2075.227425
3459.924806
5152.068415
6242.903725
6600.374643
6718.507356
69.203009
3547.505817
5818.360381
2374.097324
8015.978182
3172.312473
4949.447999
2889.269657
5326.283153
7379.171218
1588.504110
3823.245528
5284.502374
3428.978097
7198.864369
4238.371302
1741.969540
946.778688
4992.026405
2715.883834
8166.436398
5346.934830
7093.255234
6902.273175
8551.271604
9168.482660
362.197976
3703.340014
5411.386385
6962.572619
421.847366
5480.589394
510.078431
6240.207747
7854.686723
8526.056613
9412.520225
2804.134718
1415.326265
4738.803373
183.305936
3003.830380
8562.048901
5467.808310
6432.808478
5760.913266
9706.179611
8174.778022
6707.691954
4698.206012
890.661851
4874.128348
45.140842
7983.917085
1776.401518
8596.412446
7152.399745
2138.599494
2299.752455
2563.786126
9101.172112
2721.599821
8044.375520
9611.250544
8961.807573
5899.062239
8137.307157
8374.327793
8703.196961
9552.633422
3113.131161
8886.502897
2556.463798
1675.180058
4354.311202
8989.272280
7436.093324
4060.490808
7164.050297
4143.785273
8758.696820
8054.712148
9017.913625
8803.837662
6038.629234
794.315138
7400.250103
3191.028975
2932.914637
9700.002558
5754.815101
2034.086744
2421.602380
3799.190616
1645.337288
1383.409948
9698.252859
9782.644445
9757.737741
8401.449816
9335.277863
2870.868897
7287.952708
1891.741660
4546.048955
1642.263905
881.013936
1982.142274
5702.754713
8045.064233
6125.927547
4461.451529
6099.776377
5143.841168
3265.289191
2138.405606
5938.156310
665.539289
5329.434581
8871.070947
365.541848
1084.249677
905.157687
2787.144227
4883.440298
2550.494975
4170.554175
4581.693152
2333.139415
3928.291911
2983.142963
1668.417278
6799.160809
271.095666
3560.158938
1345.209759
1913.359571
4441.172874
3327.352034
7616.114285
2486.237102
9453.279581
2077.565809
8586.013479
4597.120748
5342.855000
724.419086
535.277054
6008.394293
6053.853666
9406.348001
6373.936141
7138.103348
311.505683
9161.080368
2021.543641
2862.000662
3331.634539
6603.236793
5195.140077
7259.926450
9586.379756
6863.557355
4059.087254
9857.475422
423.716288
5404.297013
1770.834989
4864.889162
8731.649047
9386.949273
7351.126264
8184.928623
1464.515078
5937.139744
2782.049367
6807.370082
6661.558830
3317.326421
2815.764371
2715.412491
2723.674417
9189.700512
9853.515839
3035.180104
8350.780876
1875.059475
5897.180767
1682.415410
8478.296268
1092.320839
8942.341860
8064.676019
7955.878199
3001.429109
7922.151437
8379.594487
8405.726123
9692.986426
3244.483649
7137.375165
9079.935695
595.609909
5322.303784
544.450772
6532.749653
8104.353155
7351.820854
3194.308478
1421.679571
167.585220
5909.720974
4145.353993
9357.285732
5763.236808
7180.534097
7708.066603
7638.296288
3077.714859
9390.482013
6116.592552
4170.035699
8332.823868
4181.268571
2125.913893
1334.252973
2103.420003
505.508380
9739.979096
1796.406429
3749.992030
6877.354256
876.342119
4345.601939
2199.658035
1420.792891
878.351592
304.011186
8772.613746
4072.660070
1725.690761
8940.198966
9982.381044
5871.044754
8297.484693
5745.617852
3051.578846
6005.551292
3383.914136
6129.293705
5396.033300
9500.506688
299.329399
3728.857163
3681.775254
2425.243297
5063.110136
5785.195262
2930.751677
4803.089227
7581.601691
6680.743707
1680.443479
8457.943810
1026.345641
3880.101519
9878.736706
1904.697233
4184.112704
8651.350447
5977.357307
5909.803466
7591.549413
5959.738347
1780.848215
5889.034102
1705.356195
4832.427062
1894.585393
5089.270331
961.720762
7290.618693
4589.777018
1261.050166
1019.475856
8271.552272
3686.293463
6082.585992
4056.747530
6617.045140
885.675219
1638.349216
3297.788842
2566.118698
96.293027
4324.134483
6446.220217
9975.029733
6228.831721
630.332921
8626.380176
2206.189023
6540.136387
6217.929584
8165.927370
8320.984607
2106.963686
9871.283569
3153.411664
4001.549079
4960.553895
4115.132431
1292.167768
9550.330913
5376.182597
2311.643624
7821.883186
9062.476060
8394.229621
1878.630711
5679.521195
9279.904840
3516.979932
8977.310038
1846.023533
3613.272958
3301.444516
8292.243755
3588.302687
9530.276237
8922.576676
2214.682858
1736.465256
5462.713058
8432.612446
9902.392630
3783.697660
539.576127
9773.676195
6937.109328
4541.125207
4734.230086
1052.241754
5833.292974
4284.560999
6428.424351
8144.936603
2106.444180
5490.900406
6539.166219
3985.074891
1170.421597
5819.071054
7502.054822
147.731630
7665.094588
1115.327776
3449.176146
5957.338338
4703.630463
2979.452383
4879.915009
6918.313325
4715.917639
342.628067
5350.925767
4618.310265
4126.325727
5890.501894
4391.986455
1063.435050
431.627096
9126.216545
2115.676804
6264.920070
3410.777540
8544.101156
4409.856668
5517.221720
4035.001557
949.022882
9502.296611
5205.423154
6768.093937
7004.351433
5353.154785
4433.188524
8119.679209
8802.330936
390.526857
2823.309672
1781.783314
5270.441871
9741.622996
6497.700953
5613.069937
5092.548758
1116.011218
9739.395664
983.050648
5507.997673
802.830714
1414.677744
4634.214213
2918.507519
7679.597813
8044.991753
1462.608674
2089.454481
3562.213468
5497.610232
3038.477364
3064.510079
703.033386
9806.571305
68.861507
6056.188171
4239.759824
8188.540716
4858.519102
4630.286682
1011.850383
6640.302416
9900.728553
753.473374
3138.003369
5513.798485
5846.022133
4254.014587
5253.194149
6829.072780
9762.012260
6056.024863
8243.750524
4396.226473
8974.532382
5923.348337
2441.218222
437.141052
8012.802819
6003.431695
5934.751288
1051.280178
9067.941773
6637.784674
857.851478
9136.803280
2693.972840
5097.611302
7325.343991
7552.491947
9727.897989
8337.194379
4192.794358
9628.626536
9090.667753
7330.797728
5142.425022
4936.689886
1584.812310
395.619166
1765.762661
1346.824570
6451.644030
9.513185
5743.051044
5426.176407
5932.861523
8184.269265
5863.317463
3945.664337
4187.700955
1798.068747
4996.944515
3255.642724
8435.853421
5854.795997
2392.445999
1129.826257
952.407294
9717.789995
8682.318203
680.305278
8054.984369
2875.112562
308.931815
7145.652118
205.910285
5451.356836
2082.341999
1790.722600
5846.976003
3848.104665
3137.547170
2298.620028
3857.617850
8880.598214
7724.796435
9790.479373
7064.867475
3588.113894
3736.143705
1252.568430
5386.182640
8733.088220
4508.211154
3822.036057
4587.884212
6900.657158
4951.862318
5540.291511
6618.447149
3634.180517
6220.596789
4673.431513
6509.293079
6529.528604
1819.083626
6715.203368
1980.885436
3901.425630
8505.925969
7827.861438
7749.530295
1643.473134
126.481461
1607.148140
524.071343
7851.277901
1397.627509
7588.938818
1439.391790
5133.771214
8841.507248
6825.574435
3866.859429
3349.718402
647.610487
8454.743646
250.375555
5599.472805
3995.035153
6868.822704
9233.653326
215.631938
1542.254212
5742.946400
6745.160547
3361.337838
2458.149764
8726.045982
7262.763468
964.075728
6553.907421
5012.293758
2607.548862
6680.388882
6619.441899
3131.620206
4531.666778
8017.069408
720.559024
5971.058573
3150.840617
9562.066272
2796.633003
7017.700051
2911.784669
3444.243490
5472.443693
3162.160224
9043.716299
9467.478846
30.982923
8277.369620
9683.110784
1573.237135
4020.316016
6428.271326
4934.574978
6478.465785
5154.317308
2197.338441
7442.541512
1708.224724
7209.632204
50.090374
8388.613606
3829.074099
3181.710580
2920.280384
1846.143506
3902.269604
8891.338957
4996.984124
3464.335875
1687.971955
2014.684170
6376.120544
5132.215445
7487.127864
9538.280773
4175.931739
6954.606705
9569.263696
2453.301355
6637.717489
1142.500830
6473.617375
3065.988809
6077.075808
2952.083155
8220.306117
8274.414250
394.624663
9928.530841
5484.046450
444.715037
8317.144447
9313.120553
3626.425622
1237.424827
1159.264055
7528.695225
128.763779
6156.248178
993.031096
1816.735734
8170.932354
7369.151645
6948.951179
5658.060212
6907.432413
1124.882917
2612.666917
6476.696104
3578.184272
9250.384406
7619.196934
51.801642
2316.373211
3696.272738
3003.884797
536.679328
1970.686988
3398.509465
465.210164
7454.733438
3843.224502
8782.354611
6767.853986
7469.650124
19.779434
7927.118041
4998.345349
148.543213
4083.366219
5991.376446
1965.278947
2254.298568
3360.528086
8914.230130
7912.358780
267.960495
39.113043
525.025693
6744.656603
3617.297315
9775.410099
4363.853533
3669.098962
2091.783309
8060.126276
6672.983759
2628.462637
30.813259
71.493220
3093.672801
7485.546697
3914.717726
1876.027413
4253.400683
1384.367846
1895.806846
2180.518719
6382.713195
2044.350063
6263.884938
2374.089641
4009.629010
8518.183505
5734.617727
2923.859136
6430.542286
6002.578226
2962.972179
6955.567979
2747.234824
6580.269498
6730.978078
7111.088357
249.368455
8822.761387
5171.214629
6922.352215
1451.224019
5202.027888
6993.845439
4544.896821
2687.574584
908.563161
6420.924233
6940.975267
2292.931006
8316.731084
9121.493985
8675.644206
361.081143
5385.378923
1049.733842
4370.710153
3903.562424
6784.351569
7294.569294
334.104705
2786.929790
257.541468
7289.672688
5534.164615
6837.810966
4020.650761
2645.252972
7087.179421
2843.412144
7816.467601
4009.531636
4294.636163
3018.495488
1003.377070
8839.532984
5706.070073
1911.940231
5260.457217
2647.045335
4204.871237
3577.188297
1768.539316
2880.515439
3938.269440
7153.918239
3930.249281
8308.979593
1057.480663
714.600850
5603.548882
1391.585367
3501.530641
5861.090355
8681.258056
9035.695260
2698.901316
2701.908812
1680.948227
9786.080741
5545.320956
9497.415828
3795.612372
9839.957119
2515.911312
4798.989443
8679.490103
8221.981385
6710.929673
3939.947315
869.026715
915.800906
7517.135612
2637.566036
3796.316350
1455.405048
9791.484275
7726.565631
9764.384641
848.964933
8441.166481
5367.933524
2240.550305
1942.697122
1229.023873
921.808356
978.392377
3927.925189
3623.717173
2659.340605
3714.005926
9169.038129
2156.756428
7509.618298
9008.995248
4672.667745
2308.607736
7688.485346
2894.649125
9019.537409
1628.432656
3763.675845
9935.338320
9145.568269
6401.241881
3731.654665
600.973312
6192.726151
1458.220292
365.357949
7041.691089
9899.386777
5733.291472
9282.241393
1842.083895
6962.315346
204.049745
2820.476272
890.240535
3827.766918
5479.816876
4604.246460
2996.805046
7636.573304
2113.864758
2005.800289
2309.241044
4422.472494
9694.285635
5203.890174
3442.009903
1322.718287
8967.566019
3377.348219
468.286551
5368.807896
7109.002884
1069.259863
1561.534042
8567.223176
1434.617812
8603.225131
8466.609949
7167.909288
7885.466520
308.693838
4130.224629
8089.516269
3129.170110
5020.465164
1917.283182
8608.986986
9624.711629
4914.088228
6245.560290
1738.576382
6919.888517
8554.801335
6161.048876
6614.174147
3758.691504
9603.058779
