1148
2497
4049
9580
1837
4892
5813
6042
5827
6023
8105
356
8938
9075
3537
9068
3693
7455
157
1753
6804
3678
2587
5943
8070
8861
429
1732
3860
7023
1516
1361
9520
5566
941
7709
6810
6754
3751
2637
9129
8209
2993
8067
7284
2883
7136
978
338
3645
2731
7142
3675
1670
9437
1745
532
6219
9829
744
3242
1346
2105
9115
3264
3046
6824
74
6152
6928
9063
5282
5137
8408
9701
2421
1291
3189
9751
1630
3186
2483
5124
6861
505
914
8606
1037
7133
4788
8134
6727
6134
239
5842
5750
9638
9019
5824
2142
5947
4887
7424
7436
3295
3478
6209
939
6667
5961
2569
9854
4796
4045
6715
1653
4959
1674
2691
8444
6462
7177
5172
8948
3768
1014
4698
3406
33
6874
5549
2332
8113
9325
9768
7760
2803
5978
8699
9471
8291
7620
5677
3087
1666
2392
4740
2977
418
3783
1422
6880
7312
6594
2180
1081
3960
6878
4487
346
104
6388
2678
8217
2066
8799
5978
4869
1129
4677
692
9420
8650
2721
8859
316
1466
9951
9645
1884
87
1067
5117
7399
4013
7297
8480
4326
528
9320
4672
632
2060
3702
5202
4126
2501
1180
5348
9982
2209
2392
9402
859
5114
4613
7527
6580
4565
7173
8464
1004
4592
3581
8403
8606
7231
3236
2932
7759
2556
3956
4743
4616
7658
9945
5095
6512
7477
443
6494
9687
2835
2249
546
7949
6862
8074
4529
7779
1599
9346
5135
6191
2927
9891
4797
6510
3127
4081
4269
2035
8037
5365
6651
5696
5310
1746
8560
2788
8541
5054
8827
1377
3655
9373
5678
6870
3799
6560
1001
5398
5906
6137
7942
5185
6028
2739
1696
5507
3173
2317
7542
1210
7682
545
3258
2993
8644
1818
2133
7185
3225
960
4914
6880
6685
593
102
485
7153
1104
2235
9411
3593
177
4596
9621
9269
2644
1480
2442
4962
9022
4
2644
9567
3263
1989
8211
5081
4122
5397
4658
1434
311
7891
8120
7256
7993
4957
761
5449
7192
172
9042
3722
1121
5015
9343
3765
6495
1785
8727
5517
1789
7724
5085
1404
9713
9648
2838
188
5045
7496
1622
1709
1739
9742
5317
9733
1051
2431
5182
4596
2603
4225
8318
76
9240
7661
194
5736
5798
8921
7605
3939
2997
9042
5344
2711
8691
8182
9251
88
2030
873
8149
3770
6968
9819
9855
8019
2250
5037
2615
1205
5614
7285
1282
1207
4946
1476
3295
7096
6749
900
1036
6099
6295
2732
8810
4986
7266
4413
5074
9296
5286
9576
9418
8606
9395
9273
6626
1645
663
5593
2850
6277
2879
484
7484
4177
8312
7131
7626
5062
4384
8662
1161
679
7746
6323
5665
5012
736
7091
660
2374
6667
79
981
2414
9352
3959
411
6367
5904
3262
2645
8783
98
6481
9313
8411
3613
6939
9825
7997
1953
7338
5028
9699
13
693
1063
7101
4136
1723
5827
7156
8154
3160
9570
3859
7119
9982
226
3024
9596
9223
8159
9694
5705
3824
4457
5670
763
634
19
9068
7972
5047
5119
4337
2092
6182
1438
6228
4258
7266
3384
2412
426
9307
2623
3898
5641
2850
3274
5237
8425
7785
1283
4130
1610
5741
6152
2373
6375
2523
1442
700
7570
2913
5037
6014
9096
2828
8595
9706
6446
8331
8470
3224
7638
1094
7122
3279
296
6748
4868
8721
4534
6152
9204
6144
8245
5356
4869
972
7880
2663
8024
1802
5577
9414
7817
4673
2242
2764
731
5040
1095
9201
8264
8734
295
1739
8365
6943
4839
3234
5665
9373
5738
4869
1869
3983
6577
6739
1307
809
9402
9332
2612
4979
8746
6781
6004
7340
9545
6735
2380
640
5937
6996
5726
2584
8735
4092
9528
9927
3678
1545
9300
9416
6414
1170
3399
9343
7909
4706
153
3663
390
9117
4995
9136
2250
999
6476
8147
4087
5208
5139
6376
2205
866
5312
7292
1310
4840
7219
4988
2737
6520
756
9151
4042
4155
4847
8303
5213
5000
8318
5604
469
3313
1092
2719
665
7569
7218
4752
2777
2357
7480
1334
9575
2792
8627
7237
3985
5846
8577
6722
8718
9333
2226
9112
9840
7073
3767
1406
8425
2086
3362
8894
5399
4454
7965
6064
8375
1535
7168
1153
244
1000
8839
9820
145
7466
3409
4130
9665
1987
7204
8383
7672
5782
3848
7513
9207
7615
5271
7632
9701
8633
2878
5101
3087
7195
7517
1463
5082
1038
8968
5327
2038
7807
1499
2183
1626
4908
2665
1291
3247
6222
6026
920
2004
9874
4785
7564
7490
56
5196
7191
8689
4427
8644
8128
7974
6162
5943
3057
3552
1263
8384
5590
5423
9883
4126
7049
1143
6791
4692
4391
9365
718
1663
7722
593
6448
5286
8083
2856
6834
1626
7897
1261
271
6025
9236
2785
8321
8645
6337
9584
7029
8279
1359
3264
2405
8408
4407
5549
3100
5150
1266
171
3165
8988
764
9613
4274
5199
8821
1109
6825
6718
8722
3448
9096
4310
2585
3769
2955
8922
3353
6336
3554
4713
5952
5959
9473
6712
7860
8926
1862
9127
9097
5028
8115
6213
993
8742
1412
6167
9851
4589
9237
8573
8038
8333
2884
623
2102
2191
5898
1808
8528
9452
2873
4480
1763
8698
1192
5976
7624
9407
5103
3073
787
9570
9286
8132
8312
7050
4299
8163
1640
3537
3089
6030
8222
2325
6653
6677
4516
8903
8485
3044
8355
7710
3877
6471
6408
1421
2447
385
828
3902
3458
7967
3472
9097
6100
8137
6147
399
6300
7787
288
5741
3817
8511
8066
6823
1540
8935
5726
25
8331
434
7735
2208
3257
495
3630
5704
880
810
5958
4339
8778
9430
3436
1230
7567
9583
1629
220
3723
8270
2313
3892
3133
380
715
4673
5667
2794
1050
3998
3228
8785
6207
6485
5632
6189
8541
6513
3351
4499
852
8481
281
640
9711
4201
6575
7693
4421
6650
5963
6734
543
5448
3466
1258
121
9133
4052
1171
3132
3632
6308
5691
6469
1940
8232
5010
8453
1583
5861
5657
6417
6143
2649
6128
344
9225
3821
1117
2227
6136
4203
2770
